0 0.446875 0.128125 0.175000 0.250000
0 0.909375 0.304688 0.181250 0.278125
0 0.403125 0.354687 0.300000 0.203125
0 0.692187 0.434375 0.171875 0.143750
0 0.868750 0.629687 0.256250 0.209375
1 0.153125 0.682813 0.243750 0.228125
0 0.756250 0.732812 0.275000 0.215625
0 0.226562 0.421875 0.190625 0.181250
0 0.281250 0.879687 0.250000 0.203125
1 0.785937 0.968750 0.215625 0.062500
1 0.584375 0.814063 0.231250 0.221875
1 0.525000 0.389062 0.181250 0.221875
1 0.854688 0.426563 0.171875 0.103125
0 0.084375 0.876563 0.150000 0.165625
1 0.062500 0.937500 0.118750 0.125000
0 0.150000 0.329688 0.175000 0.109375
0 0.381250 0.831250 0.175000 0.206250
