1 0.128125 0.085938 0.237500 0.165625
1 0.565625 0.032813 0.212500 0.059375
1 0.971875 0.071875 0.050000 0.137500
1 0.751563 0.031250 0.103125 0.056250
0 0.614062 0.120313 0.103125 0.090625
0 0.479687 0.151562 0.228125 0.190625
0 0.642188 0.245312 0.203125 0.215625
1 0.795312 0.453125 0.184375 0.231250
1 0.567187 0.335938 0.203125 0.190625
1 0.506250 0.440625 0.206250 0.200000
0 0.959375 0.828125 0.081250 0.168750
1 0.209375 0.954688 0.200000 0.090625
0 0.514062 0.893750 0.215625 0.168750
0 0.712500 0.893750 0.168750 0.212500
1 0.956250 0.959375 0.081250 0.081250
1 0.271875 0.468750 0.206250 0.212500
1 0.381250 0.642188 0.193750 0.190625
0 0.240625 0.365625 0.193750 0.225000
0 0.659375 0.553125 0.081250 0.118750
