1 0.295312 0.060937 0.215625 0.115625
0 0.059375 0.481250 0.112500 0.181250
1 0.100000 0.725000 0.193750 0.218750
0 0.535937 0.135937 0.284375 0.178125
0 0.710938 0.107813 0.240625 0.178125
1 0.329688 0.318750 0.221875 0.218750
1 0.104688 0.368750 0.059375 0.068750
1 0.392188 0.156250 0.171875 0.206250
1 0.964063 0.032813 0.071875 0.059375
1 0.925000 0.432812 0.150000 0.203125
0 0.835938 0.542188 0.228125 0.190625
1 0.689063 0.679688 0.234375 0.171875
1 0.885938 0.735938 0.196875 0.203125
0 0.946875 0.929688 0.100000 0.140625
1 0.971875 0.767188 0.056250 0.178125
