0 0.950000 0.151562 0.100000 0.259375
0 0.795312 0.420312 0.196875 0.253125
0 0.651563 0.351562 0.109375 0.115625
1 0.945312 0.750000 0.109375 0.137500
0 0.534375 0.453125 0.237500 0.168750
1 0.476562 0.634375 0.240625 0.200000
0 0.648438 0.846875 0.246875 0.218750
0 0.809375 0.828125 0.143750 0.225000
0 0.242188 0.795312 0.140625 0.115625
0 0.082812 0.956250 0.128125 0.068750
0 0.214062 0.187500 0.096875 0.050000
1 0.151562 0.375000 0.184375 0.175000
1 0.396875 0.901563 0.206250 0.196875
0 0.487500 0.818750 0.093750 0.131250
0 0.021875 0.493750 0.037500 0.193750
