0 0.825000 0.082812 0.343750 0.159375
0 0.829688 0.239063 0.340625 0.334375
0 0.629687 0.428125 0.096875 0.237500
0 0.209375 0.139063 0.325000 0.228125
1 0.935937 0.731250 0.128125 0.150000
1 0.700000 0.681250 0.281250 0.231250
1 0.565625 0.156250 0.225000 0.306250
1 0.582812 0.437500 0.184375 0.256250
0 0.457813 0.439063 0.159375 0.240625
0 0.148438 0.914062 0.290625 0.171875
1 0.090625 0.284375 0.175000 0.106250
1 0.023438 0.375000 0.040625 0.081250
1 0.193750 0.817187 0.225000 0.109375
1 0.360938 0.495312 0.215625 0.240625
0 0.017188 0.526563 0.028125 0.215625
